
msPCA solution: 4 sparse PCs
Pct. variance explained: 2.2826681 0.6726293 0.6139623 0.5472780 
Non-zero loadings per PC: 10 10 10 10 

Sparse PCs
            [,1]         [,2]        [,3]        [,4]
AEP   -0.3131879  0.000000000  0.00000000  0.00000000
AMZN   0.0000000  0.000000000  0.00000000 -0.37854927
APA    0.0000000  0.409685782  0.00000000  0.00000000
APD    0.0000000  0.000000000 -0.03958281  0.00000000
BBY    0.0000000  0.000000000 -0.18984581  0.20803815
BKR    0.0000000  0.409238209  0.00000000  0.00000000
CAH    0.0000000  0.000000000  0.51329348  0.00000000
CMS   -0.3106835  0.000000000  0.00000000  0.00000000
COR    0.0000000  0.000000000  0.51063039  0.00000000
DG     0.0000000 -0.166769882  0.00000000  0.00000000
DTE   -0.3067630  0.000000000  0.00000000  0.00000000
DUK   -0.3220295  0.000000000  0.00000000  0.00000000
DVN    0.0000000  0.438349200  0.05483897  0.00000000
ECL    0.0000000  0.003016732  0.00000000  0.00000000
ED    -0.3356381  0.287765535  0.12418347 -0.15306470
ES    -0.3041667  0.000000000  0.00000000  0.00000000
GOOG   0.0000000  0.000000000  0.00000000 -0.60049412
GOOGL  0.0000000  0.000000000  0.00000000 -0.59682998
HAL    0.0000000  0.435982540  0.00000000 -0.11713684
ITW    0.0000000  0.000000000  0.00000000  0.04897199
KLAC   0.0000000  0.000000000 -0.07874784  0.00000000
LH     0.0000000  0.000000000  0.18521130  0.00000000
MCK    0.0000000  0.000000000  0.55441256  0.00000000
MSFT   0.0000000  0.000000000  0.00000000 -0.22396563
NUE    0.0000000  0.000000000  0.00000000  0.02181754
PNW   -0.3023709  0.000000000  0.00000000  0.00000000
PWR    0.0000000  0.000000000  0.00000000  0.08022879
SLB    0.0000000  0.399606083  0.00000000  0.00000000
SO    -0.3174263  0.000000000  0.00000000  0.00000000
STT    0.0000000 -0.080862716  0.00000000  0.00000000
TER    0.0000000 -0.074811456  0.00000000  0.00000000
VTRS   0.0000000  0.000000000  0.26808879  0.00000000
WEC   -0.3210098  0.000000000  0.00000000  0.00000000
XEL   -0.3273796  0.000000000  0.00000000  0.00000000
